ALS normal

best lambda user
[(0.001, 0.95616307079290963, 0.99828782253486437),
 (0.005, 0.95573497022834808, 0.9913844296782075),
 (0.01, 0.94508390237060425, 0.99604854776803564),
 (0.05, 0.96050902747194566, 0.98976751478698344),
 (0.1, 0.95661496651847677, 0.98903875695103283)]

best lambda item
[(0.001, 0.95070041707564168, 0.99809180544256337),
 (0.005, 0.95552232999510422, 0.99124098425660301),
 (0.01, 0.94508390237060425, 0.99604854776803564),
 (0.05, 0.96109975761939226, 0.9898560223472328),
 (0.1, 0.95599637771979162, 0.98868399143350638)]


best lamdas  (made together)
[(0.001, 0.99022692396344025, 1.0005526252584447),
 (0.005, 0.98766838061232121, 0.99914789148540728),
 (0.01, 0.94508390237060425, 0.99604854776803564),
 (0.05, 0.99036773651140653, 1.0006529482738058),
 (0.1, 0.99085360426679159, 1.0010983854362276)]

num_features
[(1, 0.99022734162054404, 1.0005489286331986),
 (2, 0.9733913652239643, 0.99481719142754521),
 (4, 0.95322300146515204, 0.99484474270647294),
 (7, 0.93271524695300578, 0.99695285637377751),
 (10, 0.91630027637423572, 0.99712912442945489),
 (14, 0.90601926884992801, 0.99587206779695325)]
[(20, 0.89484924231088514, 0.99465313673601363),
 (30, 0.88236780128432613, 0.9944278355020375),
 (40, 0.87802199298104289, 0.99364753158995556)]
[(50, 0.88552144667600474, 0.99561077178752),
 (60, 0.88257377379315982, 0.99427330076307263),
 (70, 0.87974674581351586, 0.99447142742273953)]





ALS biased

best lambda user
[(0.001, 0.96364834954978784, 0.99290494742908209),
 (0.005, 0.96588630953242616, 0.99168093462326334),
 (0.01, 0.95917026980208997, 0.99096762969981633),
 (0.05, 0.95848760460695526, 0.98963380303516435),
 (0.1, 0.94185961866659995, 0.98817998820663921)]

best lambda item
[(0.001, 0.95940012171381939, 0.99233024016776517),
 (0.005, 0.96352780147878048, 0.99082893828419638),
 (0.01, 0.95917026980208997, 0.99096762969981633),
 (0.05, 0.9578248898698255, 0.98926235508960403),
 (0.1, 0.97610447510182019, 0.99344420244391052)]

num_features
[(1, 0.97234475864852044, 0.99441427616889078),
 (2, 0.95729217468333527, 0.99090351249750208),
 (4, 0.97022927557960148, 0.99349111874697571),
 (7, 0.95871329262083904, 0.99116331877455055),
 (10, 0.95848584556814287, 0.99102047104384006),
 (14, 0.95840859739978523, 0.99090470107800233)]